	 1	 8	 16	 5.08428	 6.4634e-05		 2	 8	 16	 5.08428	 6.4793e-05		 3	 8	 16	 5.08428	 9.7403e-05		 4	 8	 16	 5.08428	 7.6646e-05		 5	 8	 16	 5.08428	 8.2397e-05		 6	 8	 16	 5.08428	 8.7997e-05		 7	 8	 16	 5.08428	 8.8388e-05		 8	 8	 16	 5.08428	 8.1835e-05
	 1	 8	 19	 4.44305	 4.5664e-05		 2	 8	 19	 4.44305	 5.877e-05		 3	 8	 19	 4.44305	 6.1503e-05		 4	 8	 19	 4.44305	 8.4147e-05		 5	 8	 19	 4.44305	 6.7512e-05		 6	 8	 19	 4.44305	 7.5963e-05		 7	 8	 19	 4.44305	 8.0228e-05		 8	 8	 19	 4.44305	 5.3841e-05
	 1	 8	 22	 3.74936	 5.685e-05		 2	 8	 22	 3.74936	 6.3323e-05		 3	 8	 22	 3.74936	 7.6015e-05		 4	 8	 22	 3.74936	 8.7415e-05		 5	 8	 22	 3.74936	 9.0764e-05		 6	 8	 22	 3.74936	 9.6307e-05		 7	 8	 22	 3.74936	 0.000123887		 8	 8	 22	 3.74936	 7.8764e-05
	 1	 8	 26	 6.00059	 7.409e-05		 2	 8	 26	 6.00059	 7.8875e-05		 3	 8	 26	 6.00059	 8.9244e-05		 4	 8	 26	 6.00059	 0.000109886		 5	 8	 26	 6.00059	 0.000107767		 6	 8	 26	 6.00059	 0.000112656		 7	 8	 26	 6.00059	 0.000151115		 8	 8	 26	 6.00059	 0.000166393
	 1	 8	 32	 5.12512	 0.000121254		 2	 8	 32	 5.12512	 0.000106927		 3	 8	 32	 5.12512	 0.000124503		 4	 8	 32	 5.12512	 0.00014495		 5	 8	 32	 5.12512	 0.000163576		 6	 8	 32	 5.12512	 0.000161202		 7	 8	 32	 5.12512	 0.000188793		 8	 8	 32	 5.12512	 0.000195998
	 1	 8	 38	 12.0709	 0.000185081		 2	 8	 38	 12.0709	 0.000152669		 3	 8	 38	 12.0709	 0.000175529		 4	 8	 38	 12.0709	 0.000212096		 5	 8	 38	 12.0709	 0.000227654		 6	 8	 38	 12.0709	 0.000239188		 7	 8	 38	 12.0709	 0.000264971		 8	 8	 38	 12.0709	 0.000278047
	 1	 8	 45	 6.4673	 0.000231796		 2	 8	 45	 6.4673	 0.00019108		 3	 8	 45	 6.4673	 0.000221268		 4	 8	 45	 6.4673	 0.000255413		 5	 8	 45	 6.4673	 0.000271121		 6	 8	 45	 6.4673	 0.000296796		 7	 8	 45	 6.4673	 0.000319994		 8	 8	 45	 6.4673	 0.000337278
	 1	 8	 53	 10.349	 0.000308281		 2	 8	 53	 10.349	 0.000242391		 3	 8	 53	 10.349	 0.000274918		 4	 8	 53	 10.349	 0.000311597		 5	 8	 53	 10.349	 0.000340012		 6	 8	 53	 10.349	 0.000372017		 7	 8	 53	 10.349	 0.00040696		 8	 8	 53	 10.349	 0.000436752
	 1	 8	 64	 8.48267	 0.00045671		 2	 8	 64	 8.48267	 0.000316933		 3	 8	 64	 8.48267	 0.000362695		 4	 8	 64	 8.48267	 0.000407994		 5	 8	 64	 8.48267	 0.000436234		 6	 8	 64	 8.48267	 0.000485101		 7	 8	 64	 8.48267	 0.000494918		 8	 8	 64	 8.48267	 0.000541982
	 1	 8	 76	 0.770689	 0.000651925		 2	 8	 76	 0.770689	 0.000458595		 3	 8	 76	 0.770689	 0.000498908		 4	 8	 76	 0.770689	 0.000585109		 5	 8	 76	 0.770689	 0.000608388		 6	 8	 76	 0.770689	 0.000660338		 7	 8	 76	 0.770689	 0.000708687		 8	 8	 76	 0.770689	 0.000748966
	 1	 8	 90	 8.68704	 0.000873397		 2	 8	 90	 8.68704	 0.000592797		 3	 8	 90	 8.68704	 0.000630964		 4	 8	 90	 8.68704	 0.000736975		 5	 8	 90	 8.68704	 0.000750111		 6	 8	 90	 8.68704	 0.000808135		 7	 8	 90	 8.68704	 0.000854855		 8	 8	 90	 8.68704	 0.000911695
	 1	 8	 107	 6.6972	 0.00119474		 2	 8	 107	 6.6972	 0.000796574		 3	 8	 107	 6.6972	 0.000818393		 4	 8	 107	 6.6972	 0.00092581		 5	 8	 107	 6.6972	 0.000935964		 6	 8	 107	 6.6972	 0.00100604		 7	 8	 107	 6.6972	 0.00110063		 8	 8	 107	 6.6972	 0.00112904
	 1	 8	 128	 6.99139	 0.00164551		 2	 8	 128	 6.99139	 0.00101298		 3	 8	 128	 6.99139	 0.00107458		 4	 8	 128	 6.99139	 0.00117352		 5	 8	 128	 6.99139	 0.00118005		 6	 8	 128	 6.99139	 0.00126332		 7	 8	 128	 6.99139	 0.00135933		 8	 8	 128	 6.99139	 0.00138844
	 1	 8	 152	 15.2411	 0.00246361		 2	 8	 152	 15.2411	 0.00145871		 3	 8	 152	 15.2411	 0.00150885		 4	 8	 152	 15.2411	 0.00166897		 5	 8	 152	 15.2411	 0.00164508		 6	 8	 152	 15.2411	 0.00176735		 7	 8	 152	 15.2411	 0.00190752		 8	 8	 152	 15.2411	 0.00191975
	 1	 8	 181	 4.25256	 0.00365412		 2	 8	 181	 4.25256	 0.00196413		 3	 8	 181	 4.25256	 0.00197001		 4	 8	 181	 4.25256	 0.00214347		 5	 8	 181	 4.25256	 0.00212377		 6	 8	 181	 4.25256	 0.0022405		 7	 8	 181	 4.25256	 0.00234604		 8	 8	 181	 4.25256	 0.00243911
	 1	 8	 215	 6.5401	 0.00564263		 2	 8	 215	 6.5401	 0.00260623		 3	 8	 215	 6.5401	 0.00255905		 4	 8	 215	 6.5401	 0.00275849		 5	 8	 215	 6.5401	 0.0026689		 6	 8	 215	 6.5401	 0.00284002		 7	 8	 215	 6.5401	 0.00299523		 8	 8	 215	 6.5401	 0.00318153
	 1	 8	 256	 7.77228	 0.00686131		 2	 8	 256	 7.77228	 0.0035035		 3	 8	 256	 7.77228	 0.00331016		 4	 8	 256	 7.77228	 0.00354075		 5	 8	 256	 7.77228	 0.00333786		 6	 8	 256	 7.77228	 0.00353997		 7	 8	 256	 7.77228	 0.003769		 8	 8	 256	 7.77228	 0.00380641
	 1	 8	 304	 7.41879	 0.0104283		 2	 8	 304	 7.41879	 0.00495662		 3	 8	 304	 7.41879	 0.00464894		 4	 8	 304	 7.41879	 0.00500253		 5	 8	 304	 7.41879	 0.00466622		 6	 8	 304	 7.41879	 0.0048671		 7	 8	 304	 7.41879	 0.00510618		 8	 8	 304	 7.41879	 0.00544304
	 1	 8	 362	 17.4657	 0.0130841		 2	 8	 362	 17.4657	 0.00677567		 3	 8	 362	 17.4657	 0.00608224		 4	 8	 362	 17.4657	 0.00653445		 5	 8	 362	 17.4657	 0.00589288		 6	 8	 362	 17.4657	 0.00622279		 7	 8	 362	 17.4657	 0.00652971		 8	 8	 362	 17.4657	 0.00728478
	 1	 8	 430	 18.7009	 0.0173879		 2	 8	 430	 18.7009	 0.00912743		 3	 8	 430	 18.7009	 0.00801897		 4	 8	 430	 18.7009	 0.00854741		 5	 8	 430	 18.7009	 0.00760904		 6	 8	 430	 18.7009	 0.00817744		 7	 8	 430	 18.7009	 0.00827135		 8	 8	 430	 18.7009	 0.00938722
	 1	 8	 512	 6.38456	 0.0240974		 2	 8	 512	 6.38456	 0.0124483		 3	 8	 512	 6.38456	 0.0107047		 4	 8	 512	 6.38456	 0.0113179		 5	 8	 512	 6.38456	 0.0101353		 6	 8	 512	 6.38456	 0.0107132		 7	 8	 512	 6.38456	 0.0108656		 8	 8	 512	 6.38456	 0.0118251
	 1	 8	 608	 21.7851	 0.0348502		 2	 8	 608	 21.7851	 0.0177568		 3	 8	 608	 21.7851	 0.0152362		 4	 8	 608	 21.7851	 0.0127893		 5	 8	 608	 21.7851	 0.0148742		 6	 8	 608	 21.7851	 0.0154286		 7	 8	 608	 21.7851	 0.0154644		 8	 8	 608	 21.7851	 0.0182279
	 1	 8	 724	 8.56682	 0.0515072		 2	 8	 724	 8.56682	 0.0244815		 3	 8	 724	 8.56682	 0.020493		 4	 8	 724	 8.56682	 0.0167499		 5	 8	 724	 8.56682	 0.0194999		 6	 8	 724	 8.56682	 0.0200027		 7	 8	 724	 8.56682	 0.0211677		 8	 8	 724	 8.56682	 0.0221794
	 1	 8	 861	 10.009	 0.0655827		 2	 8	 861	 10.009	 0.0336276		 3	 8	 861	 10.009	 0.027587		 4	 8	 861	 10.009	 0.0224219		 5	 8	 861	 10.009	 0.0260379		 6	 8	 861	 10.009	 0.0269142		 7	 8	 861	 10.009	 0.0275233		 8	 8	 861	 10.009	 0.0282338
	 1	 8	 1024	 15.0743	 0.0900717		 2	 8	 1024	 15.0743	 0.0460843		 3	 8	 1024	 15.0743	 0.0372239		 4	 8	 1024	 15.0743	 0.029794		 5	 8	 1024	 15.0743	 0.0349983		 6	 8	 1024	 15.0743	 0.0353994		 7	 8	 1024	 15.0743	 0.0358985		 8	 8	 1024	 15.0743	 0.0406456
	 1	 8	 1217	 30.1267	 0.125514		 2	 8	 1217	 30.1267	 0.0642109		 3	 8	 1217	 30.1267	 0.0515937		 4	 8	 1217	 30.1267	 0.0435726		 5	 8	 1217	 30.1267	 0.049056		 6	 8	 1217	 30.1267	 0.0514808		 7	 8	 1217	 30.1267	 0.0515575		 8	 8	 1217	 30.1267	 0.0549788
	 1	 8	 1448	 32.4621	 0.188566		 2	 8	 1448	 32.4621	 0.0879957		 3	 8	 1448	 32.4621	 0.0700028		 4	 8	 1448	 32.4621	 0.059476		 5	 8	 1448	 32.4621	 0.0663956		 6	 8	 1448	 32.4621	 0.068413		 7	 8	 1448	 32.4621	 0.0695455		 8	 8	 1448	 32.4621	 0.0725072
	 1	 8	 1722	 26.774	 0.244966		 2	 8	 1722	 26.774	 0.122219		 3	 8	 1722	 26.774	 0.0955299		 4	 8	 1722	 26.774	 0.0816436		 5	 8	 1722	 26.774	 0.0897334		 6	 8	 1722	 26.774	 0.0925127		 7	 8	 1722	 26.774	 0.0927337		 8	 8	 1722	 26.774	 0.0964685
	 1	 8	 2048	 50.2559	 0.342523		 2	 8	 2048	 50.2559	 0.170773		 3	 8	 2048	 50.2559	 0.13094		 4	 8	 2048	 50.2559	 0.110407		 5	 8	 2048	 50.2559	 0.121106		 6	 8	 2048	 50.2559	 0.125165		 7	 8	 2048	 50.2559	 0.125591		 8	 8	 2048	 50.2559	 0.129238
	 1	 8	 2435	 37.1636	 0.480402		 2	 8	 2435	 37.1636	 0.238449		 3	 8	 2435	 37.1636	 0.182507		 4	 8	 2435	 37.1636	 0.15427		 5	 8	 2435	 37.1636	 0.168402		 6	 8	 2435	 37.1636	 0.17461		 7	 8	 2435	 37.1636	 0.176661		 8	 8	 2435	 37.1636	 0.184221
	 1	 8	 2896	 19.2577	 0.677826		 2	 8	 2896	 19.2577	 0.331847		 3	 8	 2896	 19.2577	 0.250904		 4	 8	 2896	 19.2577	 0.211502		 5	 8	 2896	 19.2577	 0.229768		 6	 8	 2896	 19.2577	 0.236245		 7	 8	 2896	 19.2577	 0.237016		 8	 8	 2896	 19.2577	 0.249502
	 1	 8	 3444	 28.0925	 0.949226		 2	 8	 3444	 28.0925	 0.468071		 3	 8	 3444	 28.0925	 0.347481		 4	 8	 3444	 28.0925	 0.296197		 5	 8	 3444	 28.0925	 0.321823		 6	 8	 3444	 28.0925	 0.331878		 7	 8	 3444	 28.0925	 0.325342		 8	 8	 3444	 28.0925	 0.338124
	 1	 8	 4096	 41.5433	 1.3551		 2	 8	 4096	 41.5433	 0.651907		 3	 8	 4096	 41.5433	 0.487624		 4	 8	 4096	 41.5433	 0.40372		 5	 8	 4096	 41.5433	 0.433337		 6	 8	 4096	 41.5433	 0.44498		 7	 8	 4096	 41.5433	 0.444192		 8	 8	 4096	 41.5433	 0.473106
	 1	 8	 4870	 100.905	 1.94937		 2	 8	 4870	 100.905	 0.917684		 3	 8	 4870	 100.905	 0.674132		 4	 8	 4870	 100.905	 0.568381		 5	 8	 4870	 100.905	 0.607563		 6	 8	 4870	 100.905	 0.628184		 7	 8	 4870	 100.905	 0.617554		 8	 8	 4870	 100.905	 0.641277
	 1	 8	 5792	 28.9433	 2.68123		 2	 8	 5792	 28.9433	 1.29062		 3	 8	 5792	 28.9433	 0.937854		 4	 8	 5792	 28.9433	 0.78341		 5	 8	 5792	 28.9433	 0.833978		 6	 8	 5792	 28.9433	 0.86624		 7	 8	 5792	 28.9433	 0.852492		 8	 8	 5792	 28.9433	 0.893215
	 1	 8	 6888	 74.038	 3.73291		 2	 8	 6888	 74.038	 1.8283		 3	 8	 6888	 74.038	 1.31421		 4	 8	 6888	 74.038	 1.09231		 5	 8	 6888	 74.038	 1.15371		 6	 8	 6888	 74.038	 1.18098		 7	 8	 6888	 74.038	 1.19281		 8	 8	 6888	 74.038	 1.21447
	 1	 8	 8192	 105.398	 5.27738		 2	 8	 8192	 105.398	 2.55796		 3	 8	 8192	 105.398	 1.83536		 4	 8	 8192	 105.398	 1.53035		 5	 8	 8192	 105.398	 1.60985		 6	 8	 8192	 105.398	 1.64899		 7	 8	 8192	 105.398	 1.62942		 8	 8	 8192	 105.398	 1.6803
	 1	 8	 9741	 59.7546	 7.45425		 2	 8	 9741	 59.7546	 3.59597		 3	 8	 9741	 59.7546	 2.60339		 4	 8	 9741	 59.7546	 2.13628		 5	 8	 9741	 59.7546	 2.23912		 6	 8	 9741	 59.7546	 2.30031		 7	 8	 9741	 59.7546	 2.28341		 8	 8	 9741	 59.7546	 2.36944
	 1	 8	 11585	 144.806	 10.4922		 2	 8	 11585	 144.806	 5.06956		 3	 8	 11585	 144.806	 3.62078		 4	 8	 11585	 144.806	 3.00517		 5	 8	 11585	 144.806	 3.11596		 6	 8	 11585	 144.806	 3.20457		 7	 8	 11585	 144.806	 3.18188		 8	 8	 11585	 144.806	 3.27927
	 1	 8	 13777	 81.4108	 14.9498		 2	 8	 13777	 81.4108	 7.1505		 3	 8	 13777	 81.4108	 5.07933		 4	 8	 13777	 81.4108	 4.21745		 5	 8	 13777	 81.4108	 4.35767		 6	 8	 13777	 81.4108	 4.46528		 7	 8	 13777	 81.4108	 4.41274		 8	 8	 13777	 81.4108	 4.656
	 1	 8	 16384	 83.2001	 20.976		 2	 8	 16384	 83.2001	 10.1459		 3	 8	 16384	 83.2001	 7.12745		 4	 8	 16384	 83.2001	 5.97711		 5	 8	 16384	 83.2001	 6.11429		 6	 8	 16384	 83.2001	 6.24403		 7	 8	 16384	 83.2001	 6.18929		 8	 8	 16384	 83.2001	 6.3189
	 1	 8	 19483	 89.3567	 29.5844		 2	 8	 19483	 89.3567	 14.3113		 3	 8	 19483	 89.3567	 10.0224		 4	 8	 19483	 89.3567	 8.35233		 5	 8	 19483	 89.3567	 8.59171		 6	 8	 19483	 89.3567	 8.77774		 7	 8	 19483	 89.3567	 8.80051		 8	 8	 19483	 89.3567	 8.92365
	 1	 8	 23170	 81.6447	 41.9427		 2	 8	 23170	 81.6447	 20.1791		 3	 8	 23170	 81.6447	 14.1695		 4	 8	 23170	 81.6447	 11.7871		 5	 8	 23170	 81.6447	 12.0639		 6	 8	 23170	 81.6447	 12.3237		 7	 8	 23170	 81.6447	 12.1611		 8	 8	 23170	 81.6447	 12.6269
		 2	 8	 27554	 221.942	 28.6065		 3	 8	 27554	 221.942	 19.9658		 4	 8	 27554	 221.942	 16.6288		 5	 8	 27554	 221.942	 16.9745		 6	 8	 27554	 221.942	 17.016		 7	 8	 27554	 221.942	 16.9955		 8	 8	 27554	 221.942	 17.4404
		 2	 8	 32768	 114.539	 40.5224		 3	 8	 32768	 114.539	 28.0174		 4	 8	 32768	 114.539	 23.5891		 5	 8	 32768	 114.539	 23.9492		 6	 8	 32768	 114.539	 24.1419		 7	 8	 32768	 114.539	 23.8402		 8	 8	 32768	 114.539	 24.3174
			 3	 8	 38967	 242.634	 39.4625		 4	 8	 38967	 242.634	 33.6321		 5	 8	 38967	 242.634	 33.6075		 6	 8	 38967	 242.634	 34.2509		 7	 8	 38967	 242.634	 33.9463		 8	 8	 38967	 242.634	 34.296
